1 49 81 85 206
4 50 68 82 95 106 120 141 235
7 27 78 104 136 138 163 201 226
15 99 214
25 31 145 229
14 28 29 123
30 130 134
6 19 32 41
34 36 37 40 231
35 38 42 193
43 46
45 111
33 39 44 47
3 8 54 55 183
64 90 98 121 164 216 221
10 65 149 182
69 76 92 107 140 173
71 93 169
62 72 87 209
13 75 178 238
77 157 158 185 233
52 97 217
101 103 132 172
12 58 108 127 143
110 113 166 181
9 21 112
102 115 175 180 192
18 94 117 133 148 153 165 239
17 118 119
88 124 159 194
53 126 208
22 83 137 224
2 139 147
100 144 202
16 48 105 152 155 162 230
57 66 67 146 167 168 176
73 91 170 171 200 232
74 184 207
186 187
109 129 188 237
189 223
26 86 191 196 197 212
59 63 84 96 150 198 211 220
24 60 80 154 199
79 128 204 227 234
11 70 195 205 210
23 116 213
5 151 215
125 218 236
56 89 114 122 131 160 179 219
177 203 222
20 51 161 174 190 225
61 135 142 156 228
1 21 42 68
6 28 67 79 189
203
14 15 238
27 48 74 171 190
29 30 121
33 87 211
39 93 205 207
41 43 83
22 51 82 109
8 56 138 237
4 10 38 58 66
72 106 116 139 196
11 18 59 172 227
23 62 96 118 159
183 201
52 63 120 143
3 49 69 102
75 92 152
60 84 85 86 88
107 113 134 145 224
90 186 208
5 26 47 57 73
91 94 105 119 166
229
53 80 95 108 191
45 103 180 197
70 97 104 174
111 114 137 182
2 115 214
117 184 195 225
35 122 144
17 44 125 194 230
100 128 209 228
36 78 81 124 129
150 160 161 164
37 40 61 130 219
226
25 131 175 198
89 126 135 200
110 147 158 178
149 168 193
12 133 151 156 157
162 170 185 216
19 65 163
7 31 173 202
101 140 148 154 181
206 223
64 132 146 169 187
55 167 199 222 231
123 136 204
9 210
54 77 127 155 212
13 76 177 192 213
16 142 176 179 215
50 98 141 218
24 32 112 221
46 232 233 234
20 71 188 220 235
34 99 153 165 217
236
