1 21 42 68
6 28 67 79 189 203
14 15 238
27 48 74 171 190
29 30 121
33 87 211
39 93 205 207
41 43 83
22 51 82 109
8 56 138 237
4 10 38 58 66 72 106 116 139 196
11 18 59 172 227
23 62 96 118 159 183 201
52 63 120 143
3 49 69 102
75 92 152
60 84 85 86 88 107 113 134 145 224
90 186 208
5 26 47 57 73 91 94 105 119 166 229
53 80 95 108 191
45 103 180 197
70 97 104 174
111 114 137 182
2 115 214
117 184 195 225
35 122 144
17 44 125 194 230
100 128 209 228
36 78 81 124 129 150 160 161 164
37 40 61 130 219 226
25 131 175 198
89 126 135 200
110 147 158 178
149 168 193
12 133 151 156 157
162 170 185 216
19 65 163
7 31 173 202
101 140 148 154 181 206 223
64 132 146 169 187
55 167 199 222 231
123 136 204
9 210
54 77 127 155 212
13 76 177 192 213
16 142 176 179 215
50 98 141 218
24 32 112 221
46 232 233 234
20 71 188 220 235
34 99 153 165 217 236
